680 280 
6 10 
6 6 6 6 6 6 6 6 6 6 6 6 6 6 6 6 6 6 6 6 6 6 6 6 6 6 6 6 6 6 6 6 6 6 6 6 6 6 6 6 5 5 5 5 5 5 5 5 5 5 5 5 5 5 5 5 5 5 5 5 5 5 5 5 5 5 5 5 5 5 5 5 5 5 5 5 5 5 5 5 2 2 2 2 2 2 2 2 2 2 2 2 2 2 2 2 2 2 2 2 2 2 2 2 2 2 2 2 2 2 2 2 2 2 2 2 2 2 2 2 3 3 3 3 3 3 3 3 3 3 3 3 3 3 3 3 3 3 3 3 3 3 3 3 3 3 3 3 3 3 3 3 3 3 3 3 3 3 3 3 3 3 3 3 3 3 3 3 3 3 3 3 3 3 3 3 3 3 3 3 3 3 3 3 3 3 3 3 3 3 3 3 3 3 3 3 3 3 3 3 4 4 4 4 4 4 4 4 4 4 4 4 4 4 4 4 4 4 4 4 4 4 4 4 4 4 4 4 4 4 4 4 4 4 4 4 4 4 4 4 3 3 3 3 3 3 3 3 3 3 3 3 3 3 3 3 3 3 3 3 3 3 3 3 3 3 3 3 3 3 3 3 3 3 3 3 3 3 3 3 4 4 4 4 4 4 4 4 4 4 4 4 4 4 4 4 4 4 4 4 4 4 4 4 4 4 4 4 4 4 4 4 4 4 4 4 4 4 4 4 3 3 3 3 3 3 3 3 3 3 3 3 3 3 3 3 3 3 3 3 3 3 3 3 3 3 3 3 3 3 3 3 3 3 3 3 3 3 3 3 4 4 4 4 4 4 4 4 4 4 4 4 4 4 4 4 4 4 4 4 4 4 4 4 4 4 4 4 4 4 4 4 4 4 4 4 4 4 4 4 3 3 3 3 3 3 3 3 3 3 3 3 3 3 3 3 3 3 3 3 3 3 3 3 3 3 3 3 3 3 3 3 3 3 3 3 3 3 3 3 5 5 5 5 5 5 5 5 5 5 5 5 5 5 5 5 5 5 5 5 5 5 5 5 5 5 5 5 5 5 5 5 5 5 5 5 5 5 5 5 2 2 2 2 2 2 2 2 2 2 2 2 2 2 2 2 2 2 2 2 2 2 2 2 2 2 2 2 2 2 2 2 2 2 2 2 2 2 2 2 2 2 2 2 2 2 2 2 2 2 2 2 2 2 2 2 2 2 2 2 2 2 2 2 2 2 2 2 2 2 2 2 2 2 2 2 2 2 2 2 1 1 1 1 1 1 1 1 1 1 1 1 1 1 1 1 1 1 1 1 1 1 1 1 1 1 1 1 1 1 1 1 1 1 1 1 1 1 1 1 1 1 1 1 1 1 1 1 1 1 1 1 1 1 1 1 1 1 1 1 1 1 1 1 1 1 1 1 1 1 1 1 1 1 1 1 1 1 1 1 1 1 1 1 1 1 1 1 1 1 1 1 1 1 1 1 1 1 1 1 1 1 1 1 1 1 1 1 1 1 1 1 1 1 1 1 1 1 1 1 
8 8 8 8 8 8 8 8 8 8 8 8 8 8 8 8 8 8 8 8 8 8 8 8 8 8 8 8 8 8 8 8 8 8 8 8 8 8 8 8 10 10 10 10 10 10 10 10 10 10 10 10 10 10 10 10 10 10 10 10 10 10 10 10 10 10 10 10 10 10 10 10 10 10 10 10 10 10 10 10 8 8 8 8 8 8 8 8 8 8 8 8 8 8 8 8 8 8 8 8 8 8 8 8 8 8 8 8 8 8 8 8 8 8 8 8 8 8 8 8 10 10 10 10 10 10 10 10 10 10 10 10 10 10 10 10 10 10 10 10 10 10 10 10 10 10 10 10 10 10 10 10 10 10 10 10 10 10 10 10 4 4 4 4 4 4 4 4 4 4 4 4 4 4 4 4 4 4 4 4 4 4 4 4 4 4 4 4 4 4 4 4 4 4 4 4 4 4 4 4 6 6 6 6 6 6 6 6 6 6 6 6 6 6 6 6 6 6 6 6 6 6 6 6 6 6 6 6 6 6 6 6 6 6 6 6 6 6 6 6 6 6 6 6 6 6 6 6 6 6 6 6 6 6 6 6 6 6 6 6 6 6 6 6 6 6 6 6 6 6 6 6 6 6 6 6 6 6 6 6 
1 64 101 161 201 241 
2 65 102 162 202 242 
3 66 103 163 203 243 
4 67 104 164 204 244 
5 68 105 165 205 245 
6 69 106 166 206 246 
7 70 107 167 207 247 
8 71 108 168 208 248 
9 72 109 169 209 249 
10 73 110 170 210 250 
11 74 111 171 211 251 
12 75 112 172 212 252 
13 76 113 173 213 253 
14 77 114 174 214 254 
15 78 115 175 215 255 
16 79 116 176 216 256 
17 80 117 177 217 257 
18 41 118 178 218 258 
19 42 119 179 219 259 
20 43 120 180 220 260 
21 44 81 181 221 261 
22 45 82 182 222 262 
23 46 83 183 223 263 
24 47 84 184 224 264 
25 48 85 185 225 265 
26 49 86 186 226 266 
27 50 87 187 227 267 
28 51 88 188 228 268 
29 52 89 189 229 269 
30 53 90 190 230 270 
31 54 91 191 231 271 
32 55 92 192 232 272 
33 56 93 193 233 273 
34 57 94 194 234 274 
35 58 95 195 235 275 
36 59 96 196 236 276 
37 60 97 197 237 277 
38 61 98 198 238 278 
39 62 99 199 239 279 
40 63 100 200 240 280 
1 107 123 185 230 
2 108 124 186 231 
3 109 125 187 232 
4 110 126 188 233 
5 111 127 189 234 
6 112 128 190 235 
7 113 129 191 236 
8 114 130 192 237 
9 115 131 193 238 
10 116 132 194 239 
11 117 133 195 240 
12 118 134 196 201 
13 119 135 197 202 
14 120 136 198 203 
15 81 137 199 204 
16 82 138 200 205 
17 83 139 161 206 
18 84 140 162 207 
19 85 141 163 208 
20 86 142 164 209 
21 87 143 165 210 
22 88 144 166 211 
23 89 145 167 212 
24 90 146 168 213 
25 91 147 169 214 
26 92 148 170 215 
27 93 149 171 216 
28 94 150 172 217 
29 95 151 173 218 
30 96 152 174 219 
31 97 153 175 220 
32 98 154 176 221 
33 99 155 177 222 
34 100 156 178 223 
35 101 157 179 224 
36 102 158 180 225 
37 103 159 181 226 
38 104 160 182 227 
39 105 121 183 228 
40 106 122 184 229 
1 146 
2 147 
3 148 
4 149 
5 150 
6 151 
7 152 
8 153 
9 154 
10 155 
11 156 
12 157 
13 158 
14 159 
15 160 
16 121 
17 122 
18 123 
19 124 
20 125 
21 126 
22 127 
23 128 
24 129 
25 130 
26 131 
27 132 
28 133 
29 134 
30 135 
31 136 
32 137 
33 138 
34 139 
35 140 
36 141 
37 142 
38 143 
39 144 
40 145 
1 77 102 
2 78 103 
3 79 104 
4 80 105 
5 41 106 
6 42 107 
7 43 108 
8 44 109 
9 45 110 
10 46 111 
11 47 112 
12 48 113 
13 49 114 
14 50 115 
15 51 116 
16 52 117 
17 53 118 
18 54 119 
19 55 120 
20 56 81 
21 57 82 
22 58 83 
23 59 84 
24 60 85 
25 61 86 
26 62 87 
27 63 88 
28 64 89 
29 65 90 
30 66 91 
31 67 92 
32 68 93 
33 69 94 
34 70 95 
35 71 96 
36 72 97 
37 73 98 
38 74 99 
39 75 100 
40 76 101 
41 112 139 
42 113 140 
43 114 141 
44 115 142 
45 116 143 
46 117 144 
47 118 145 
48 119 146 
49 120 147 
50 81 148 
51 82 149 
52 83 150 
53 84 151 
54 85 152 
55 86 153 
56 87 154 
57 88 155 
58 89 156 
59 90 157 
60 91 158 
61 92 159 
62 93 160 
63 94 121 
64 95 122 
65 96 123 
66 97 124 
67 98 125 
68 99 126 
69 100 127 
70 101 128 
71 102 129 
72 103 130 
73 104 131 
74 105 132 
75 106 133 
76 107 134 
77 108 135 
78 109 136 
79 110 137 
80 111 138 
41 135 219 277 
42 136 220 278 
43 137 221 279 
44 138 222 280 
45 139 223 241 
46 140 224 242 
47 141 225 243 
48 142 226 244 
49 143 227 245 
50 144 228 246 
51 145 229 247 
52 146 230 248 
53 147 231 249 
54 148 232 250 
55 149 233 251 
56 150 234 252 
57 151 235 253 
58 152 236 254 
59 153 237 255 
60 154 238 256 
61 155 239 257 
62 156 240 258 
63 157 201 259 
64 158 202 260 
65 159 203 261 
66 160 204 262 
67 121 205 263 
68 122 206 264 
69 123 207 265 
70 124 208 266 
71 125 209 267 
72 126 210 268 
73 127 211 269 
74 128 212 270 
75 129 213 271 
76 130 214 272 
77 131 215 273 
78 132 216 274 
79 133 217 275 
80 134 218 276 
1 73 149 
2 74 150 
3 75 151 
4 76 152 
5 77 153 
6 78 154 
7 79 155 
8 80 156 
9 41 157 
10 42 158 
11 43 159 
12 44 160 
13 45 121 
14 46 122 
15 47 123 
16 48 124 
17 49 125 
18 50 126 
19 51 127 
20 52 128 
21 53 129 
22 54 130 
23 55 131 
24 56 132 
25 57 133 
26 58 134 
27 59 135 
28 60 136 
29 61 137 
30 62 138 
31 63 139 
32 64 140 
33 65 141 
34 66 142 
35 67 143 
36 68 144 
37 69 145 
38 70 146 
39 71 147 
40 72 148 
41 144 220 262 
42 145 221 263 
43 146 222 264 
44 147 223 265 
45 148 224 266 
46 149 225 267 
47 150 226 268 
48 151 227 269 
49 152 228 270 
50 153 229 271 
51 154 230 272 
52 155 231 273 
53 156 232 274 
54 157 233 275 
55 158 234 276 
56 159 235 277 
57 160 236 278 
58 121 237 279 
59 122 238 280 
60 123 239 241 
61 124 240 242 
62 125 201 243 
63 126 202 244 
64 127 203 245 
65 128 204 246 
66 129 205 247 
67 130 206 248 
68 131 207 249 
69 132 208 250 
70 133 209 251 
71 134 210 252 
72 135 211 253 
73 136 212 254 
74 137 213 255 
75 138 214 256 
76 139 215 257 
77 140 216 258 
78 141 217 259 
79 142 218 260 
80 143 219 261 
41 93 148 
42 94 149 
43 95 150 
44 96 151 
45 97 152 
46 98 153 
47 99 154 
48 100 155 
49 101 156 
50 102 157 
51 103 158 
52 104 159 
53 105 160 
54 106 121 
55 107 122 
56 108 123 
57 109 124 
58 110 125 
59 111 126 
60 112 127 
61 113 128 
62 114 129 
63 115 130 
64 116 131 
65 117 132 
66 118 133 
67 119 134 
68 120 135 
69 81 136 
70 82 137 
71 83 138 
72 84 139 
73 85 140 
74 86 141 
75 87 142 
76 88 143 
77 89 144 
78 90 145 
79 91 146 
80 92 147 
1 66 155 276 
2 67 156 277 
3 68 157 278 
4 69 158 279 
5 70 159 280 
6 71 160 241 
7 72 121 242 
8 73 122 243 
9 74 123 244 
10 75 124 245 
11 76 125 246 
12 77 126 247 
13 78 127 248 
14 79 128 249 
15 80 129 250 
16 41 130 251 
17 42 131 252 
18 43 132 253 
19 44 133 254 
20 45 134 255 
21 46 135 256 
22 47 136 257 
23 48 137 258 
24 49 138 259 
25 50 139 260 
26 51 140 261 
27 52 141 262 
28 53 142 263 
29 54 143 264 
30 55 144 265 
31 56 145 266 
32 57 146 267 
33 58 147 268 
34 59 148 269 
35 60 149 270 
36 61 150 271 
37 62 151 272 
38 63 152 273 
39 64 153 274 
40 65 154 275 
1 120 121 
2 81 122 
3 82 123 
4 83 124 
5 84 125 
6 85 126 
7 86 127 
8 87 128 
9 88 129 
10 89 130 
11 90 131 
12 91 132 
13 92 133 
14 93 134 
15 94 135 
16 95 136 
17 96 137 
18 97 138 
19 98 139 
20 99 140 
21 100 141 
22 101 142 
23 102 143 
24 103 144 
25 104 145 
26 105 146 
27 106 147 
28 107 148 
29 108 149 
30 109 150 
31 110 151 
32 111 152 
33 112 153 
34 113 154 
35 114 155 
36 115 156 
37 116 157 
38 117 158 
39 118 159 
40 119 160 
1 41 164 217 253 
2 42 165 218 254 
3 43 166 219 255 
4 44 167 220 256 
5 45 168 221 257 
6 46 169 222 258 
7 47 170 223 259 
8 48 171 224 260 
9 49 172 225 261 
10 50 173 226 262 
11 51 174 227 263 
12 52 175 228 264 
13 53 176 229 265 
14 54 177 230 266 
15 55 178 231 267 
16 56 179 232 268 
17 57 180 233 269 
18 58 181 234 270 
19 59 182 235 271 
20 60 183 236 272 
21 61 184 237 273 
22 62 185 238 274 
23 63 186 239 275 
24 64 187 240 276 
25 65 188 201 277 
26 66 189 202 278 
27 67 190 203 279 
28 68 191 204 280 
29 69 192 205 241 
30 70 193 206 242 
31 71 194 207 243 
32 72 195 208 244 
33 73 196 209 245 
34 74 197 210 246 
35 75 198 211 247 
36 76 199 212 248 
37 77 200 213 249 
38 78 161 214 250 
39 79 162 215 251 
40 80 163 216 252 
41 81 
42 82 
43 83 
44 84 
45 85 
46 86 
47 87 
48 88 
49 89 
50 90 
51 91 
52 92 
53 93 
54 94 
55 95 
56 96 
57 97 
58 98 
59 99 
60 100 
61 101 
62 102 
63 103 
64 104 
65 105 
66 106 
67 107 
68 108 
69 109 
70 110 
71 111 
72 112 
73 113 
74 114 
75 115 
76 116 
77 117 
78 118 
79 119 
80 120 
81 121 
82 122 
83 123 
84 124 
85 125 
86 126 
87 127 
88 128 
89 129 
90 130 
91 131 
92 132 
93 133 
94 134 
95 135 
96 136 
97 137 
98 138 
99 139 
100 140 
101 141 
102 142 
103 143 
104 144 
105 145 
106 146 
107 147 
108 148 
109 149 
110 150 
111 151 
112 152 
113 153 
114 154 
115 155 
116 156 
117 157 
118 158 
119 159 
120 160 
161 
162 
163 
164 
165 
166 
167 
168 
169 
170 
171 
172 
173 
174 
175 
176 
177 
178 
179 
180 
181 
182 
183 
184 
185 
186 
187 
188 
189 
190 
191 
192 
193 
194 
195 
196 
197 
198 
199 
200 
201 
202 
203 
204 
205 
206 
207 
208 
209 
210 
211 
212 
213 
214 
215 
216 
217 
218 
219 
220 
221 
222 
223 
224 
225 
226 
227 
228 
229 
230 
231 
232 
233 
234 
235 
236 
237 
238 
239 
240 
241 
242 
243 
244 
245 
246 
247 
248 
249 
250 
251 
252 
253 
254 
255 
256 
257 
258 
259 
260 
261 
262 
263 
264 
265 
266 
267 
268 
269 
270 
271 
272 
273 
274 
275 
276 
277 
278 
279 
280 
1 41 81 121 241 361 401 441 
2 42 82 122 242 362 402 442 
3 43 83 123 243 363 403 443 
4 44 84 124 244 364 404 444 
5 45 85 125 245 365 405 445 
6 46 86 126 246 366 406 446 
7 47 87 127 247 367 407 447 
8 48 88 128 248 368 408 448 
9 49 89 129 249 369 409 449 
10 50 90 130 250 370 410 450 
11 51 91 131 251 371 411 451 
12 52 92 132 252 372 412 452 
13 53 93 133 253 373 413 453 
14 54 94 134 254 374 414 454 
15 55 95 135 255 375 415 455 
16 56 96 136 256 376 416 456 
17 57 97 137 257 377 417 457 
18 58 98 138 258 378 418 458 
19 59 99 139 259 379 419 459 
20 60 100 140 260 380 420 460 
21 61 101 141 261 381 421 461 
22 62 102 142 262 382 422 462 
23 63 103 143 263 383 423 463 
24 64 104 144 264 384 424 464 
25 65 105 145 265 385 425 465 
26 66 106 146 266 386 426 466 
27 67 107 147 267 387 427 467 
28 68 108 148 268 388 428 468 
29 69 109 149 269 389 429 469 
30 70 110 150 270 390 430 470 
31 71 111 151 271 391 431 471 
32 72 112 152 272 392 432 472 
33 73 113 153 273 393 433 473 
34 74 114 154 274 394 434 474 
35 75 115 155 275 395 435 475 
36 76 116 156 276 396 436 476 
37 77 117 157 277 397 437 477 
38 78 118 158 278 398 438 478 
39 79 119 159 279 399 439 479 
40 80 120 160 280 400 440 480 
18 125 161 201 249 281 321 376 441 481 
19 126 162 202 250 282 322 377 442 482 
20 127 163 203 251 283 323 378 443 483 
21 128 164 204 252 284 324 379 444 484 
22 129 165 205 253 285 325 380 445 485 
23 130 166 206 254 286 326 381 446 486 
24 131 167 207 255 287 327 382 447 487 
25 132 168 208 256 288 328 383 448 488 
26 133 169 209 257 289 329 384 449 489 
27 134 170 210 258 290 330 385 450 490 
28 135 171 211 259 291 331 386 451 491 
29 136 172 212 260 292 332 387 452 492 
30 137 173 213 261 293 333 388 453 493 
31 138 174 214 262 294 334 389 454 494 
32 139 175 215 263 295 335 390 455 495 
33 140 176 216 264 296 336 391 456 496 
34 141 177 217 265 297 337 392 457 497 
35 142 178 218 266 298 338 393 458 498 
36 143 179 219 267 299 339 394 459 499 
37 144 180 220 268 300 340 395 460 500 
38 145 181 221 269 301 341 396 461 501 
39 146 182 222 270 302 342 397 462 502 
40 147 183 223 271 303 343 398 463 503 
1 148 184 224 272 304 344 399 464 504 
2 149 185 225 273 305 345 400 465 505 
3 150 186 226 274 306 346 361 466 506 
4 151 187 227 275 307 347 362 467 507 
5 152 188 228 276 308 348 363 468 508 
6 153 189 229 277 309 349 364 469 509 
7 154 190 230 278 310 350 365 470 510 
8 155 191 231 279 311 351 366 471 511 
9 156 192 232 280 312 352 367 472 512 
10 157 193 233 241 313 353 368 473 513 
11 158 194 234 242 314 354 369 474 514 
12 159 195 235 243 315 355 370 475 515 
13 160 196 236 244 316 356 371 476 516 
14 121 197 237 245 317 357 372 477 517 
15 122 198 238 246 318 358 373 478 518 
16 123 199 239 247 319 359 374 479 519 
17 124 200 240 248 320 360 375 480 520 
21 55 140 170 349 402 481 521 
22 56 141 171 350 403 482 522 
23 57 142 172 351 404 483 523 
24 58 143 173 352 405 484 524 
25 59 144 174 353 406 485 525 
26 60 145 175 354 407 486 526 
27 61 146 176 355 408 487 527 
28 62 147 177 356 409 488 528 
29 63 148 178 357 410 489 529 
30 64 149 179 358 411 490 530 
31 65 150 180 359 412 491 531 
32 66 151 181 360 413 492 532 
33 67 152 182 321 414 493 533 
34 68 153 183 322 415 494 534 
35 69 154 184 323 416 495 535 
36 70 155 185 324 417 496 536 
37 71 156 186 325 418 497 537 
38 72 157 187 326 419 498 538 
39 73 158 188 327 420 499 539 
40 74 159 189 328 421 500 540 
1 75 160 190 329 422 501 541 
2 76 121 191 330 423 502 542 
3 77 122 192 331 424 503 543 
4 78 123 193 332 425 504 544 
5 79 124 194 333 426 505 545 
6 80 125 195 334 427 506 546 
7 41 126 196 335 428 507 547 
8 42 127 197 336 429 508 548 
9 43 128 198 337 430 509 549 
10 44 129 199 338 431 510 550 
11 45 130 200 339 432 511 551 
12 46 131 161 340 433 512 552 
13 47 132 162 341 434 513 553 
14 48 133 163 342 435 514 554 
15 49 134 164 343 436 515 555 
16 50 135 165 344 437 516 556 
17 51 136 166 345 438 517 557 
18 52 137 167 346 439 518 558 
19 53 138 168 347 440 519 559 
20 54 139 169 348 401 520 560 
79 96 183 227 253 298 334 367 401 521 
80 97 184 228 254 299 335 368 402 522 
41 98 185 229 255 300 336 369 403 523 
42 99 186 230 256 301 337 370 404 524 
43 100 187 231 257 302 338 371 405 525 
44 101 188 232 258 303 339 372 406 526 
45 102 189 233 259 304 340 373 407 527 
46 103 190 234 260 305 341 374 408 528 
47 104 191 235 261 306 342 375 409 529 
48 105 192 236 262 307 343 376 410 530 
49 106 193 237 263 308 344 377 411 531 
50 107 194 238 264 309 345 378 412 532 
51 108 195 239 265 310 346 379 413 533 
52 109 196 240 266 311 347 380 414 534 
53 110 197 201 267 312 348 381 415 535 
54 111 198 202 268 313 349 382 416 536 
55 112 199 203 269 314 350 383 417 537 
56 113 200 204 270 315 351 384 418 538 
57 114 161 205 271 316 352 385 419 539 
58 115 162 206 272 317 353 386 420 540 
59 116 163 207 273 318 354 387 421 541 
60 117 164 208 274 319 355 388 422 542 
61 118 165 209 275 320 356 389 423 543 
62 119 166 210 276 281 357 390 424 544 
63 120 167 211 277 282 358 391 425 545 
64 81 168 212 278 283 359 392 426 546 
65 82 169 213 279 284 360 393 427 547 
66 83 170 214 280 285 321 394 428 548 
67 84 171 215 241 286 322 395 429 549 
68 85 172 216 242 287 323 396 430 550 
69 86 173 217 243 288 324 397 431 551 
70 87 174 218 244 289 325 398 432 552 
71 88 175 219 245 290 326 399 433 553 
72 89 176 220 246 291 327 400 434 554 
73 90 177 221 247 292 328 361 435 555 
74 91 178 222 248 293 329 362 436 556 
75 92 179 223 249 294 330 363 437 557 
76 93 180 224 250 295 331 364 438 558 
77 94 181 225 251 296 332 365 439 559 
78 95 182 226 252 297 333 366 440 560 
1 57 478 561 
2 58 479 562 
3 59 480 563 
4 60 441 564 
5 61 442 565 
6 62 443 566 
7 63 444 567 
8 64 445 568 
9 65 446 569 
10 66 447 570 
11 67 448 571 
12 68 449 572 
13 69 450 573 
14 70 451 574 
15 71 452 575 
16 72 453 576 
17 73 454 577 
18 74 455 578 
19 75 456 579 
20 76 457 580 
21 77 458 581 
22 78 459 582 
23 79 460 583 
24 80 461 584 
25 41 462 585 
26 42 463 586 
27 43 464 587 
28 44 465 588 
29 45 466 589 
30 46 467 590 
31 47 468 591 
32 48 469 592 
33 49 470 593 
34 50 471 594 
35 51 472 595 
36 52 473 596 
37 53 474 597 
38 54 475 598 
39 55 476 599 
40 56 477 600 
1 52 223 302 465 601 
2 53 224 303 466 602 
3 54 225 304 467 603 
4 55 226 305 468 604 
5 56 227 306 469 605 
6 57 228 307 470 606 
7 58 229 308 471 607 
8 59 230 309 472 608 
9 60 231 310 473 609 
10 61 232 311 474 610 
11 62 233 312 475 611 
12 63 234 313 476 612 
13 64 235 314 477 613 
14 65 236 315 478 614 
15 66 237 316 479 615 
16 67 238 317 480 616 
17 68 239 318 441 617 
18 69 240 319 442 618 
19 70 201 320 443 619 
20 71 202 281 444 620 
21 72 203 282 445 621 
22 73 204 283 446 622 
23 74 205 284 447 623 
24 75 206 285 448 624 
25 76 207 286 449 625 
26 77 208 287 450 626 
27 78 209 288 451 627 
28 79 210 289 452 628 
29 80 211 290 453 629 
30 41 212 291 454 630 
31 42 213 292 455 631 
32 43 214 293 456 632 
33 44 215 294 457 633 
34 45 216 295 458 634 
35 46 217 296 459 635 
36 47 218 297 460 636 
37 48 219 298 461 637 
38 49 220 299 462 638 
39 50 221 300 463 639 
40 51 222 301 464 640 
1 205 300 366 469 641 
2 206 301 367 470 642 
3 207 302 368 471 643 
4 208 303 369 472 644 
5 209 304 370 473 645 
6 210 305 371 474 646 
7 211 306 372 475 647 
8 212 307 373 476 648 
9 213 308 374 477 649 
10 214 309 375 478 650 
11 215 310 376 479 651 
12 216 311 377 480 652 
13 217 312 378 441 653 
14 218 313 379 442 654 
15 219 314 380 443 655 
16 220 315 381 444 656 
17 221 316 382 445 657 
18 222 317 383 446 658 
19 223 318 384 447 659 
20 224 319 385 448 660 
21 225 320 386 449 661 
22 226 281 387 450 662 
23 227 282 388 451 663 
24 228 283 389 452 664 
25 229 284 390 453 665 
26 230 285 391 454 666 
27 231 286 392 455 667 
28 232 287 393 456 668 
29 233 288 394 457 669 
30 234 289 395 458 670 
31 235 290 396 459 671 
32 236 291 397 460 672 
33 237 292 398 461 673 
34 238 293 399 462 674 
35 239 294 400 463 675 
36 240 295 361 464 676 
37 201 296 362 465 677 
38 202 297 363 466 678 
39 203 298 364 467 679 
40 204 299 365 468 680 
